Loss: 0.5615841150283813
 Binary Accuracy: 0.8727583289146423
 AUC: 0.9578503370285034
 Precision: 0.7958903908729553
 Recall: 1.0
