Loss: 0.3765546679496765
 Binary Accuracy: 0.9172877669334412
 AUC: 0.8345323801040649
 Precision: 0.8285714387893677
 Recall: 0.8405796885490417
