Loss: 0.05650699883699417
 Binary Accuracy: 0.9984549880027771
 AUC: 0.9736841917037964
 Precision: 0.8148148059844971
 Recall: 0.9850746393203735
