Loss: 1.9327574968338013
 Binary Accuracy: 0.5303159952163696
 AUC: 0.8330070972442627
 Precision: 0.5137046575546265
 Recall: 1.0
 F1Score 0.6787382364273071