Loss: 0.4973193109035492
 Binary Accuracy: 0.8864218592643738
 AUC: 0.9611365795135498
 Precision: 0.813725471496582
 Recall: 1.0
