Loss: 0.5534868836402893
 Binary Accuracy: 0.744985818862915
 AUC: 0.8486841917037964
 Precision: 0.3333333432674408
 Recall: 0.3731343150138855
