Loss: 0.5992596745491028
 Binary Accuracy: 0.857813835144043
 AUC: 0.9615776538848877
 Precision: 0.7812089323997498
 Recall: 1.0
